1403638523.077829599 0.33150 -0.02849 -0.89560 0.80264 0.00994 0.59246 -0.06835
1403638523.177829504 0.11729 -0.03622 -0.68242 0.79996 0.01121 0.59599 -0.06880
1403638523.277829409 0.07336 -0.04332 -0.70662 0.79721 0.01093 0.60066 -0.05953
1403638523.377829552 0.02010 -0.04684 -0.75424 0.79573 0.00992 0.60306 -0.05504
1403638523.477829456 0.14703 -0.12977 -0.79699 0.80137 0.01476 0.59547 -0.05473
1403638523.577829599 0.10945 -0.16053 -0.87477 0.81022 0.01985 0.58374 -0.04908
1403638523.677829504 0.14589 -0.15506 -0.91662 0.82064 0.02136 0.56961 -0.04039
1403638523.777829409 0.16326 -0.14866 -0.96512 0.82599 0.02323 0.56208 -0.03543
1403638523.877829552 0.17095 -0.14359 -1.01027 0.82722 0.02524 0.56047 -0.03081
1403638523.977829456 0.17218 -0.13865 -1.04654 0.82786 0.03050 0.55973 -0.02031
1403638524.077829599 0.17302 -0.13208 -1.06192 0.83160 0.03815 0.55394 -0.01218
1403638524.177829504 0.16982 -0.12648 -1.05045 0.83653 0.04251 0.54615 -0.01196
1403638524.277829409 0.16720 -0.12067 -1.01289 0.83778 0.04295 0.54405 -0.01727
1403638524.377829552 0.16351 -0.11509 -0.96088 0.83516 0.04083 0.54788 -0.02579
1403638524.477829456 0.15917 -0.11012 -0.90381 0.82862 0.03871 0.55756 -0.03200
1403638524.577829599 0.15844 -0.10338 -0.84488 0.81985 0.03713 0.57033 -0.03438
1403638524.677829504 0.17002 -0.09826 -0.78808 0.81366 0.03153 0.57971 -0.02992
1403638524.777829409 0.19459 -0.09770 -0.73914 0.81040 0.02654 0.58502 -0.01738
1403638524.877829552 0.20895 -0.09610 -0.70947 0.80922 0.02392 0.58685 -0.01385
1403638524.977829456 0.21716 -0.09466 -0.69833 0.80798 0.02634 0.58827 -0.02059
1403638525.077829599 0.21083 -0.09258 -0.71135 0.80530 0.02979 0.59184 -0.01827
1403638525.177829504 0.20486 -0.09027 -0.74609 0.80387 0.03432 0.59360 -0.01585
1403638525.277829409 0.20821 -0.09027 -0.79045 0.80679 0.03924 0.58932 -0.01604
1403638525.377829552 0.19811 -0.08785 -0.84404 0.81574 0.04397 0.57645 -0.01860
1403638525.477829456 0.18584 -0.08460 -0.89753 0.82800 0.04558 0.55822 -0.02716
1403638525.577829599 0.18409 -0.08646 -0.94649 0.83719 0.04496 0.54402 -0.03370
1403638525.677829504 0.18391 -0.09160 -0.98613 0.84022 0.04194 0.53949 -0.03493
1403638525.777829409 0.19620 -0.09789 -1.01625 0.83887 0.03611 0.54217 -0.03233
1403638525.877829552 0.20495 -0.10151 -1.03584 0.83541 0.03175 0.54812 -0.02526
1403638525.977829456 0.20553 -0.11031 -1.04487 0.83416 0.03048 0.55043 -0.01673
1403638526.077829599 0.20199 -0.13018 -1.04435 0.83580 0.02816 0.54818 -0.01223
1403638526.177829504 0.19688 -0.15988 -1.03579 0.83810 0.01889 0.54509 -0.01031
1403638526.277829409 0.19020 -0.19561 -1.02120 0.83709 0.00971 0.54694 -0.00665
1403638526.377829552 0.18178 -0.23586 -1.00565 0.83287 0.00103 0.55345 -0.00410
1403638526.477829456 0.17138 -0.27801 -0.99338 0.82767 -0.01006 0.56112 -0.00243
1403638526.577829599 0.16159 -0.32792 -0.98588 0.82227 -0.02098 0.56871 -0.00089
1403638526.677829504 0.15200 -0.39252 -0.97938 0.81718 -0.02892 0.57565 0.00317
1403638526.777829409 0.14189 -0.46062 -0.97413 0.81423 -0.03409 0.57943 0.01143
1403638526.877829552 0.12582 -0.52703 -0.97003 0.81353 -0.03717 0.58001 0.01940
1403638526.977829456 0.10749 -0.58922 -0.96643 0.81652 -0.04357 0.57518 0.02372
1403638527.077829599 0.08990 -0.64710 -0.96199 0.82078 -0.05677 0.56755 0.03143
1403638527.177829504 0.07525 -0.69843 -0.95538 0.82228 -0.07200 0.56314 0.03931
1403638527.277829409 0.06543 -0.73863 -0.94746 0.81910 -0.08573 0.56491 0.05102
1403638527.377829552 0.06138 -0.76214 -0.94019 0.81381 -0.09441 0.56952 0.06666
1403638527.477829456 0.06193 -0.76598 -0.93562 0.81009 -0.09879 0.57275 0.07714
1403638527.577829599 0.06736 -0.74946 -0.93428 0.80937 -0.10005 0.57311 0.08029
1403638527.677829504 0.07666 -0.71456 -0.93500 0.80989 -0.09665 0.57317 0.07883
1403638527.777829409 0.08843 -0.66917 -0.93188 0.81130 -0.08963 0.57300 0.07364
1403638527.877829552 0.10042 -0.61580 -0.92646 0.81446 -0.08510 0.57079 0.06003
1403638527.977829456 0.11397 -0.55423 -0.92497 0.81540 -0.08074 0.57099 0.05066
1403638528.077829599 0.12996 -0.49309 -0.92455 0.81432 -0.07378 0.57397 0.04467
1403638528.177829504 0.15165 -0.43599 -0.92825 0.81500 -0.06521 0.57469 0.03545
1403638528.277829409 0.18095 -0.38750 -0.93427 0.81681 -0.05475 0.57385 0.02303
1403638528.377829552 0.21436 -0.35048 -0.93934 0.81669 -0.04665 0.57497 0.01585
1403638528.477829456 0.24863 -0.32472 -0.94329 0.81601 -0.04321 0.57616 0.01730
1403638528.577829599 0.28339 -0.30711 -0.94520 0.81787 -0.04751 0.57314 0.01845
1403638528.677829504 0.31427 -0.29556 -0.94256 0.81898 -0.05490 0.57094 0.01694
1403638528.777829409 0.33895 -0.28974 -0.93628 0.81798 -0.05975 0.57173 0.02166
1403638528.877829552 0.34908 -0.28640 -0.92576 0.81682 -0.06697 0.57272 0.01755
1403638528.977829456 0.34731 -0.27861 -0.91425 0.81656 -0.07343 0.57247 0.01058
1403638529.077829599 0.32362 -0.27268 -0.89220 0.81741 -0.07440 0.57112 0.01132
1403638529.177829504 0.29117 -0.25908 -0.87784 0.81841 -0.06718 0.57001 0.02785
1403638529.277829409 0.25293 -0.24108 -0.87340 0.82040 -0.06087 0.56720 0.03908
1403638529.377829552 0.21995 -0.21045 -0.88858 0.82584 -0.05654 0.55940 0.04320
1403638529.477829456 0.18408 -0.19707 -0.90033 0.83597 -0.05383 0.54457 0.04111
1403638529.577829599 0.16662 -0.17051 -0.93313 0.84637 -0.05112 0.52873 0.03871
1403638529.677829504 0.15624 -0.15418 -0.96393 0.85046 -0.04802 0.52233 0.03971
1403638529.777829409 0.15099 -0.14220 -0.99014 0.84709 -0.04690 0.52796 0.03867
1403638529.877829552 0.14972 -0.13350 -1.01229 0.84084 -0.04743 0.53793 0.03690
1403638529.977829456 0.15408 -0.12947 -1.02874 0.83836 -0.04710 0.54189 0.03593
1403638530.077829599 0.16606 -0.12987 -1.04190 0.83983 -0.04718 0.53960 0.03590
1403638530.177829504 0.18067 -0.13236 -1.05223 0.84150 -0.05125 0.53658 0.03637
1403638530.277829409 0.19609 -0.13333 -1.05936 0.84104 -0.05700 0.53660 0.03816
1403638530.377829552 0.21260 -0.13795 -1.06930 0.84040 -0.06191 0.53691 0.04027
1403638530.477829456 0.22673 -0.14341 -1.07564 0.84019 -0.06554 0.53682 0.04017
1403638530.577829599 0.23573 -0.15154 -1.08266 0.84017 -0.06859 0.53656 0.03896
1403638530.677829504 0.23901 -0.15551 -1.09530 0.84302 -0.07061 0.53174 0.03970
1403638530.777829409 0.23923 -0.15728 -1.10558 0.84631 -0.07202 0.52632 0.03941
1403638530.877829552 0.24255 -0.15917 -1.11379 0.84690 -0.07120 0.52566 0.03711
1403638530.977829456 0.24412 -0.15933 -1.11765 0.84464 -0.07095 0.52942 0.03554
1403638531.077829599 0.24692 -0.15919 -1.11944 0.84124 -0.06933 0.53499 0.03591
1403638531.177829504 0.24638 -0.15707 -1.11964 0.83901 -0.06697 0.53876 0.03625
1403638531.277829409 0.24940 -0.15636 -1.12090 0.83784 -0.06537 0.54062 0.03861
1403638531.377829552 0.24607 -0.15528 -1.12207 0.83641 -0.06536 0.54284 0.03824
1403638531.477829456 0.24819 -0.15674 -1.12256 0.83536 -0.06554 0.54446 0.03800
1403638531.577829599 0.24929 -0.15785 -1.12314 0.83566 -0.06427 0.54412 0.03829
1403638531.677829504 0.25076 -0.15880 -1.12353 0.83573 -0.06472 0.54403 0.03728
1403638531.777829409 0.25268 -0.16043 -1.12367 0.83567 -0.06464 0.54414 0.03731
1403638531.877829552 0.25462 -0.16218 -1.12391 0.83569 -0.06442 0.54413 0.03724
1403638531.977829456 0.25700 -0.16423 -1.12407 0.83569 -0.06434 0.54415 0.03723
1403638532.077829599 0.25957 -0.16631 -1.12435 0.83567 -0.06413 0.54420 0.03722
1403638532.177829504 0.26247 -0.16846 -1.12457 0.83566 -0.06412 0.54424 0.03700
1403638532.277829409 0.26563 -0.17069 -1.12468 0.83564 -0.06422 0.54427 0.03674
1403638532.377829552 0.26903 -0.17305 -1.12473 0.83562 -0.06417 0.54432 0.03652
1403638532.477829456 0.27275 -0.17554 -1.12465 0.83560 -0.06420 0.54437 0.03634
1403638532.577829599 0.27664 -0.17809 -1.12460 0.83561 -0.06419 0.54435 0.03625
1403638532.677829504 0.28098 -0.18087 -1.12445 0.83560 -0.06414 0.54437 0.03619
1403638532.777829409 0.28542 -0.18376 -1.12434 0.83562 -0.06398 0.54437 0.03620
1403638532.877829552 0.29017 -0.18672 -1.12414 0.83562 -0.06396 0.54438 0.03618
1403638532.977829456 0.29519 -0.18994 -1.12385 0.83560 -0.06392 0.54442 0.03607
1403638533.077829599 0.30037 -0.19331 -1.12353 0.83560 -0.06391 0.54442 0.03600
1403638533.177829504 0.30594 -0.19685 -1.12310 0.83557 -0.06393 0.54446 0.03591
1403638533.277829409 0.31174 -0.20056 -1.12259 0.83556 -0.06395 0.54449 0.03584
1403638533.377829552 0.31782 -0.20441 -1.12202 0.83555 -0.06390 0.54450 0.03585
1403638533.477829456 0.32424 -0.20841 -1.12127 0.83556 -0.06389 0.54450 0.03578
1403638533.577829599 0.33082 -0.21264 -1.12054 0.83555 -0.06391 0.54451 0.03570
1403638533.677829504 0.33764 -0.21721 -1.11968 0.83554 -0.06396 0.54454 0.03560
1403638533.777829409 0.34461 -0.22203 -1.11875 0.83552 -0.06400 0.54456 0.03557
1403638533.877829552 0.35189 -0.22701 -1.11784 0.83556 -0.06372 0.54454 0.03529
1403638533.977829456 0.35929 -0.23224 -1.11695 0.83556 -0.06394 0.54452 0.03538
1403638534.077829599 0.36660 -0.23824 -1.11577 0.83548 -0.06439 0.54457 0.03573
1403638534.177829504 0.37399 -0.24441 -1.11451 0.83548 -0.06423 0.54461 0.03536
1403638534.277829409 0.38147 -0.25030 -1.11321 0.83556 -0.06408 0.54453 0.03509
1403638534.377829552 0.38883 -0.25651 -1.11205 0.83553 -0.06411 0.54457 0.03510
1403638534.477829456 0.39620 -0.26308 -1.11084 0.83553 -0.06439 0.54452 0.03522
1403638534.577829599 0.40346 -0.26967 -1.10970 0.83560 -0.06409 0.54446 0.03503
1403638534.677829504 0.41111 -0.27670 -1.10850 0.83564 -0.06388 0.54445 0.03476
1403638534.777829409 0.41887 -0.28398 -1.10744 0.83563 -0.06377 0.54446 0.03481
1403638534.877829552 0.42666 -0.29211 -1.10625 0.83559 -0.06397 0.54449 0.03505
1403638534.977829456 0.43436 -0.30074 -1.10498 0.83560 -0.06407 0.54446 0.03510
1403638535.077829599 0.44207 -0.30928 -1.10378 0.83564 -0.06407 0.54440 0.03496
1403638535.177829504 0.45000 -0.31807 -1.10256 0.83562 -0.06409 0.54445 0.03485
1403638535.277829409 0.45787 -0.32724 -1.10132 0.83560 -0.06407 0.54448 0.03474
1403638535.377829552 0.46583 -0.33704 -1.09987 0.83560 -0.06406 0.54449 0.03469
1403638535.477829456 0.47399 -0.34751 -1.09820 0.83562 -0.06411 0.54444 0.03473
1403638535.577829599 0.48244 -0.35849 -1.09652 0.83565 -0.06408 0.54440 0.03467
1403638535.677829504 0.49120 -0.37026 -1.09489 0.83565 -0.06414 0.54440 0.03459
1403638535.777829409 0.50006 -0.38321 -1.09332 0.83563 -0.06416 0.54444 0.03459
1403638535.877829552 0.50945 -0.39867 -1.09191 0.83564 -0.06411 0.54443 0.03445
1403638535.977829456 0.51960 -0.41934 -1.09052 0.83570 -0.06415 0.54435 0.03430
1403638536.077829599 0.52968 -0.43833 -1.08846 0.83567 -0.06428 0.54438 0.03421
1403638536.177829504 0.53939 -0.45505 -1.08622 0.83568 -0.06435 0.54437 0.03416
1403638536.277829409 0.54925 -0.47150 -1.08392 0.83570 -0.06433 0.54433 0.03416
1403638536.377829552 0.55945 -0.48821 -1.08144 0.83569 -0.06436 0.54435 0.03413
1403638536.477829456 0.56974 -0.50535 -1.07886 0.83569 -0.06436 0.54435 0.03409
1403638536.577829599 0.58025 -0.52298 -1.07618 0.83571 -0.06439 0.54432 0.03396
1403638536.677829504 0.59094 -0.54113 -1.07348 0.83572 -0.06441 0.54430 0.03392
1403638536.777829409 0.60150 -0.55973 -1.07076 0.83568 -0.06450 0.54435 0.03394
1403638536.877829552 0.61219 -0.57882 -1.06780 0.83564 -0.06463 0.54442 0.03384
1403638536.977829456 0.62307 -0.59858 -1.06487 0.83566 -0.06472 0.54438 0.03373
1403638537.077829599 0.63408 -0.61877 -1.06221 0.83567 -0.06466 0.54437 0.03369
1403638537.177829504 0.64542 -0.63989 -1.05946 0.83565 -0.06469 0.54440 0.03376
1403638537.277829409 0.65702 -0.66178 -1.05649 0.83569 -0.06467 0.54433 0.03385
1403638537.377829552 0.66871 -0.68407 -1.05365 0.83570 -0.06469 0.54432 0.03381
1403638537.477829456 0.68083 -0.70706 -1.05083 0.83570 -0.06471 0.54431 0.03372
1403638537.577829599 0.69283 -0.73090 -1.04804 0.83573 -0.06463 0.54429 0.03367
1403638537.677829504 0.70458 -0.75525 -1.04538 0.83573 -0.06463 0.54428 0.03369
1403638537.777829409 0.71620 -0.78004 -1.04258 0.83569 -0.06464 0.54435 0.03361
1403638537.877829552 0.72878 -0.80568 -1.03978 0.83576 -0.06456 0.54425 0.03365
1403638537.977829456 0.74140 -0.83200 -1.03671 0.83573 -0.06469 0.54428 0.03367
1403638538.077829599 0.75343 -0.85883 -1.03352 0.83568 -0.06469 0.54436 0.03360
1403638538.177829504 0.76560 -0.88651 -1.03038 0.83566 -0.06469 0.54439 0.03356
1403638538.277829409 0.77919 -0.91516 -1.02783 0.83570 -0.06462 0.54434 0.03350
1403638538.377829552 0.79230 -0.94445 -1.02504 0.83563 -0.06461 0.54444 0.03364
1403638538.477829456 0.80508 -0.97453 -1.02183 0.83563 -0.06459 0.54445 0.03355
1403638538.577829599 0.81727 -1.00556 -1.01851 0.83557 -0.06465 0.54453 0.03371
1403638538.677829504 0.82913 -1.03724 -1.01511 0.83537 -0.06475 0.54483 0.03349
1403638538.777829409 0.84101 -1.06984 -1.01197 0.83458 -0.06457 0.54608 0.03324
1403638538.877829552 0.85407 -1.10287 -1.00861 0.83356 -0.06402 0.54774 0.03239
1403638538.977829456 0.86817 -1.13711 -1.00189 0.82878 -0.06331 0.55500 0.03314
1403638539.077829599 1.00170 -0.95693 -1.08519 0.82339 -0.06460 0.56268 0.03532
1403638539.177829504 1.09437 -0.88521 -1.13450 0.81814 -0.06494 0.57026 0.03505
1403638539.277829409 1.13764 -0.87268 -1.15952 0.81431 -0.06431 0.57578 0.03527
1403638539.377829552 1.18500 -0.87531 -1.16924 0.81508 -0.06391 0.57474 0.03520
1403638539.477829456 1.23783 -0.88830 -1.16459 0.81697 -0.06297 0.57216 0.03506
1403638539.577829599 1.26772 -0.91520 -1.13145 0.81783 -0.06160 0.57110 0.03476
1403638539.677829504 1.29563 -0.94011 -1.10244 0.81833 -0.06116 0.57053 0.03313
1403638539.777829409 1.32414 -0.96466 -1.08510 0.81953 -0.05934 0.56897 0.03356
1403638539.877829552 1.35414 -0.98908 -1.07477 0.82202 -0.05873 0.56548 0.03268
1403638539.977829456 1.38682 -1.01362 -1.06562 0.82653 -0.05842 0.55900 0.03091
1403638540.077829599 1.42114 -1.00709 -1.06785 0.83231 -0.05822 0.55038 0.03085
1403638540.177829504 1.48159 -1.04672 -1.06457 0.83624 -0.05801 0.54443 0.03055
1403638540.277829409 1.51600 -1.03290 -1.05548 0.83190 -0.05655 0.55115 0.03129
1403638540.377829552 1.58958 -1.07291 -1.04877 0.82576 -0.05458 0.56045 0.03203
1403638540.477829456 1.64825 -1.09661 -1.03919 0.82341 -0.04853 0.56463 0.02887
1403638540.577829599 1.68267 -1.06881 -1.02422 0.82349 -0.03677 0.56572 0.02182
1403638540.677829504 1.76781 -1.10673 -1.02051 0.82363 -0.01961 0.56663 0.01353
1403638540.777829409 1.78864 -1.06849 -0.99692 0.82257 0.00412 0.56861 0.00636
1403638540.877829552 1.85329 -1.00939 -0.97880 0.82188 0.03161 0.56877 -0.00285
1403638540.977829456 1.89759 -0.95979 -0.97014 0.82027 0.05763 0.56885 -0.01581
1403638541.077829599 1.93408 -0.91468 -0.96545 0.81796 0.07701 0.56936 -0.02902
1403638541.177829504 1.96073 -0.86211 -0.96460 0.81604 0.09022 0.56963 -0.03831
1403638541.277829409 1.99982 -0.81760 -0.96841 0.81510 0.09893 0.56918 -0.04313
1403638541.377829552 2.03962 -0.76503 -0.97360 0.81484 0.10243 0.56873 -0.04584
1403638541.477829456 2.08847 -0.72299 -0.97033 0.81455 0.10266 0.56899 -0.04699
1403638541.577829599 2.14392 -0.68317 -0.95505 0.81301 0.10336 0.57111 -0.04640
1403638541.677829504 2.19674 -0.63236 -0.93763 0.81124 0.10642 0.57271 -0.05067
1403638541.777829409 2.25137 -0.57817 -0.90861 0.80983 0.11215 0.57266 -0.06058
1403638541.877829552 2.30528 -0.52070 -0.87863 0.80840 0.12117 0.57143 -0.07257
1403638541.977829456 2.35905 -0.46083 -0.84984 0.80736 0.13554 0.56806 -0.08430
1403638542.077829599 2.41160 -0.39978 -0.82940 0.80528 0.15262 0.56445 -0.09811
1403638542.177829504 2.46131 -0.33742 -0.81534 0.80147 0.17259 0.56128 -0.11329
1403638542.277829409 2.50444 -0.27177 -0.80336 0.79755 0.19590 0.55603 -0.12792
1403638542.377829552 2.54707 -0.20428 -0.79344 0.78986 0.21772 0.55563 -0.14140
1403638542.477829456 2.59111 -0.13628 -0.78503 0.77624 0.23803 0.56485 -0.14741
1403638542.577829599 2.63609 -0.06725 -0.77857 0.76416 0.25654 0.57417 -0.14347
1403638542.677829504 2.67509 0.00514 -0.76921 0.76071 0.26601 0.57424 -0.14423
1403638542.777829409 2.70549 0.08112 -0.75349 0.76478 0.26512 0.56678 -0.15354
1403638542.877829552 2.72857 0.15932 -0.73160 0.77015 0.26219 0.55886 -0.16063
1403638542.977829456 2.74684 0.24066 -0.70347 0.77481 0.25912 0.55254 -0.16498
1403638543.077829599 2.76409 0.32509 -0.67425 0.77855 0.25600 0.54791 -0.16771
1403638543.177829504 2.77182 0.40827 -0.65229 0.77984 0.25353 0.54717 -0.16786
1403638543.277829409 2.79194 0.49704 -0.63378 0.78037 0.25105 0.54754 -0.16792
1403638543.377829552 2.79957 0.58176 -0.62436 0.78158 0.25007 0.54645 -0.16727
1403638543.477829456 2.80958 0.66963 -0.61753 0.78065 0.25452 0.54506 -0.16947
1403638543.577829599 2.83359 0.76369 -0.61055 0.77792 0.26562 0.54207 -0.17447
1403638543.677829504 2.85944 0.85933 -0.60677 0.77263 0.28323 0.53856 -0.18104
1403638543.777829409 2.88329 0.95689 -0.60077 0.76501 0.30445 0.53450 -0.19073
1403638543.877829552 2.90366 1.05554 -0.58669 0.75536 0.32689 0.53088 -0.20186
1403638543.977829456 2.92247 1.15551 -0.56443 0.74720 0.34524 0.52540 -0.21552
1403638544.077829599 2.93856 1.25357 -0.53898 0.74350 0.35656 0.51682 -0.23017
1403638544.177829504 2.95363 1.34852 -0.51464 0.74056 0.36319 0.51167 -0.24053
1403638544.277829409 2.96945 1.44329 -0.49724 0.73809 0.36672 0.50944 -0.24742
1403638544.377829552 2.98767 1.54107 -0.48592 0.73757 0.36940 0.50744 -0.24907
1403638544.477829456 3.00815 1.63890 -0.48016 0.73827 0.37059 0.50596 -0.24825
1403638544.577829599 3.02623 1.73960 -0.47622 0.73570 0.36976 0.50941 -0.25005
1403638544.677829504 3.04820 1.83924 -0.46382 0.72927 0.36927 0.51641 -0.25519
1403638544.777829409 3.06619 1.94021 -0.45019 0.72854 0.37023 0.51614 -0.25643
1403638544.877829552 3.08821 2.03393 -0.43546 0.73189 0.37264 0.51052 -0.25466
1403638544.977829456 3.10664 2.13357 -0.42963 0.73282 0.37333 0.50863 -0.25476
1403638545.077829599 3.12553 2.23287 -0.42833 0.73163 0.37328 0.50962 -0.25625
1403638545.177829504 3.14858 2.31606 -0.42895 0.73128 0.37454 0.50921 -0.25625
1403638545.277829409 3.16760 2.41337 -0.44098 0.73073 0.37617 0.50917 -0.25549
1403638545.377829552 3.18677 2.50924 -0.45647 0.72807 0.37535 0.51266 -0.25731
1403638545.477829456 3.20447 2.58226 -0.47012 0.72788 0.37649 0.51079 -0.25989
1403638545.577829599 3.21936 2.67596 -0.48758 0.72568 0.38321 0.50672 -0.26414
1403638545.677829504 3.23178 2.74539 -0.48982 0.71998 0.39499 0.50081 -0.27351
1403638545.777829409 3.24199 2.81484 -0.48499 0.71205 0.41183 0.49327 -0.28295
1403638545.877829552 3.25092 2.88484 -0.47449 0.70119 0.43171 0.48500 -0.29451
1403638545.977829456 3.26409 2.96392 -0.45861 0.68863 0.45394 0.47631 -0.30473
1403638546.077829599 3.27932 3.04700 -0.43881 0.67661 0.47303 0.47057 -0.31147
1403638546.177829504 3.29519 3.13535 -0.42456 0.66789 0.48545 0.46510 -0.31929
1403638546.277829409 3.31180 3.22654 -0.41744 0.66318 0.49305 0.46028 -0.32441
1403638546.377829552 3.32777 3.32103 -0.41676 0.66167 0.49525 0.45553 -0.33078
1403638546.477829456 3.34380 3.41966 -0.42125 0.66135 0.49653 0.45259 -0.33352
1403638546.577829599 3.35852 3.51868 -0.42644 0.65936 0.49972 0.45125 -0.33451
1403638546.677829504 3.37108 3.61907 -0.42513 0.65458 0.50559 0.44902 -0.33807
1403638546.777829409 3.38436 3.72343 -0.41390 0.65011 0.51125 0.44729 -0.34046
1403638546.877829552 3.39583 3.82922 -0.39394 0.64654 0.51615 0.44635 -0.34109
1403638546.977829456 3.40546 3.93451 -0.37570 0.64327 0.52054 0.44693 -0.33984
1403638547.077829599 3.41480 4.04313 -0.36219 0.64078 0.52385 0.44814 -0.33786
1403638547.177829504 3.42060 4.15981 -0.35874 0.63884 0.52701 0.44951 -0.33479
1403638547.277829409 3.42426 4.27231 -0.35492 0.63746 0.52850 0.45114 -0.33288
1403638547.377829552 3.42341 4.38896 -0.35538 0.63903 0.52618 0.44943 -0.33584
1403638547.477829456 3.41639 4.51263 -0.36695 0.64218 0.52239 0.44586 -0.34048
1403638547.577829599 3.41159 4.63430 -0.37350 0.64566 0.51895 0.44249 -0.34354
1403638547.677829504 3.39918 4.75227 -0.39581 0.64691 0.51726 0.44219 -0.34413
1403638547.777829409 3.39319 4.88002 -0.41198 0.64633 0.51781 0.44404 -0.34201
1403638547.877829552 3.37516 4.99024 -0.44290 0.64340 0.51990 0.44847 -0.33856
1403638547.977829456 3.36531 5.12489 -0.46151 0.64331 0.52027 0.44807 -0.33868
1403638548.077829599 3.33847 5.22609 -0.48625 0.64275 0.52262 0.44388 -0.34162
1403638548.177829504 3.32315 5.36719 -0.49071 0.63904 0.52809 0.43934 -0.34602
1403638548.277829409 3.29138 5.47159 -0.49845 0.63252 0.53670 0.43283 -0.35289
1403638548.377829552 3.25894 5.58549 -0.49385 0.62300 0.54825 0.42562 -0.36075
1403638548.477829456 3.22830 5.71062 -0.48103 0.61339 0.55895 0.41857 -0.36895
1403638548.577829599 3.20060 5.84022 -0.47015 0.60549 0.56689 0.41357 -0.37548
1403638548.677829504 3.17340 5.96822 -0.46161 0.59997 0.57237 0.40957 -0.38037
1403638548.777829409 3.14691 6.09628 -0.45366 0.59605 0.57641 0.40698 -0.38320
1403638548.877829552 3.12050 6.22468 -0.43914 0.59384 0.57914 0.40500 -0.38461
1403638548.977829456 3.09247 6.36240 -0.42164 0.59280 0.58009 0.40386 -0.38598
1403638549.077829599 3.06629 6.48822 -0.39371 0.59243 0.58060 0.40303 -0.38666
1403638549.177829504 3.03702 6.62372 -0.36453 0.59235 0.57966 0.40335 -0.38785
1403638549.277829409 3.01300 6.74968 -0.32366 0.59310 0.57879 0.40264 -0.38874
1403638549.377829552 2.98379 6.88918 -0.28476 0.59457 0.57645 0.40162 -0.39101
1403638549.477829456 2.96194 7.01253 -0.24234 0.59588 0.57445 0.40056 -0.39305
1403638549.577829599 2.93413 7.15192 -0.21128 0.59590 0.57276 0.40157 -0.39445
1403638549.677829504 2.91416 7.27560 -0.17963 0.59527 0.57135 0.40304 -0.39595
1403638549.777829409 2.89005 7.41263 -0.15317 0.59541 0.57191 0.40356 -0.39439
1403638549.877829552 2.87216 7.53998 -0.11622 0.59686 0.57213 0.40196 -0.39351
1403638549.977829456 2.85050 7.68269 -0.07497 0.59772 0.57222 0.40087 -0.39318
1403638550.077829599 2.83404 7.81911 -0.02213 0.59803 0.57202 0.40037 -0.39352
1403638550.177829504 2.81574 7.96528 0.03621 0.59850 0.57194 0.39907 -0.39425
1403638550.277829409 2.80106 8.10309 0.10436 0.59803 0.57283 0.39894 -0.39380
1403638550.377829552 2.78622 8.24886 0.17442 0.59703 0.57329 0.39979 -0.39378
1403638550.477829456 2.77251 8.39247 0.23834 0.59758 0.57175 0.39844 -0.39654
1403638550.577829599 2.76101 8.53949 0.29456 0.59824 0.56945 0.39697 -0.40031
1403638550.677829504 2.74855 8.69093 0.34611 0.59665 0.56606 0.39937 -0.40508
1403638550.777829409 2.73938 8.83683 0.39332 0.59587 0.56388 0.40067 -0.40797
1403638550.877829552 2.73385 8.97871 0.43706 0.59206 0.55965 0.40623 -0.41382
1403638550.977829456 2.73251 9.11873 0.47629 0.58781 0.55519 0.41265 -0.41947
1403638551.077829599 2.73444 9.25470 0.51199 0.58529 0.55232 0.41632 -0.42315
1403638551.177829504 2.73878 9.38563 0.54795 0.58573 0.54951 0.41491 -0.42756
1403638551.277829409 2.74896 9.50588 0.58725 0.58747 0.54838 0.41323 -0.42825
1403638551.377829552 2.76523 9.61590 0.63289 0.59513 0.54535 0.41107 -0.42360
1403638551.477829456 2.78871 9.72226 0.67012 0.60767 0.53600 0.41254 -0.41623
1403638551.577829599 2.81890 9.81828 0.70565 0.62268 0.51969 0.41708 -0.41017
1403638551.677829504 2.86061 9.92276 0.72943 0.63963 0.50126 0.42055 -0.40342
1403638551.777829409 2.91194 10.01635 0.74730 0.65369 0.48282 0.42903 -0.39435
1403638551.877829552 2.97020 10.10486 0.76143 0.66422 0.46728 0.43907 -0.38429
1403638551.977829456 3.03476 10.18770 0.77974 0.66757 0.45961 0.45216 -0.37238
1403638552.077829599 3.10412 10.26480 0.80577 0.66910 0.45458 0.46268 -0.36276
1403638552.177829504 3.17617 10.33325 0.83716 0.67401 0.45146 0.46319 -0.35685
1403638552.277829409 3.25187 10.39511 0.87404 0.67799 0.45049 0.46153 -0.35268
1403638552.377829552 3.33026 10.45415 0.91099 0.67904 0.44767 0.46124 -0.35461
1403638552.477829456 3.41261 10.50912 0.94378 0.67539 0.44219 0.46628 -0.36179
1403638552.577829599 3.49728 10.55634 0.97074 0.67172 0.43875 0.47059 -0.36722
1403638552.677829504 3.58504 10.58790 0.99127 0.66940 0.44001 0.47224 -0.36781
1403638552.777829409 3.67590 10.61104 1.00693 0.66874 0.44228 0.47153 -0.36720
1403638552.877829552 3.77142 10.63345 1.01742 0.66740 0.44624 0.47139 -0.36503
1403638552.977829456 3.86736 10.63847 1.02312 0.66502 0.45232 0.47228 -0.36072
1403638553.077829599 3.96662 10.64669 1.02411 0.66278 0.45773 0.47301 -0.35703
1403638553.177829504 4.06294 10.64044 1.02448 0.65886 0.45647 0.47552 -0.36252
1403638553.277829409 4.16189 10.63477 1.02278 0.65310 0.45328 0.48089 -0.36978
1403638553.377829552 4.25872 10.61439 1.02960 0.64784 0.45417 0.48585 -0.37147
1403638553.477829456 4.35478 10.58472 1.04074 0.64234 0.45775 0.49240 -0.36798
1403638553.577829599 4.44888 10.54616 1.05771 0.63802 0.46074 0.49747 -0.36494
1403638553.677829504 4.53891 10.49401 1.07750 0.63705 0.46303 0.49818 -0.36275
1403638553.777829409 4.62608 10.43190 1.10296 0.63753 0.46493 0.49710 -0.36096
1403638553.877829552 4.70011 10.35522 1.13245 0.63934 0.46638 0.49508 -0.35865
1403638553.977829456 4.78128 10.28010 1.16606 0.64238 0.46686 0.49112 -0.35804
1403638554.077829599 4.84635 10.18838 1.19025 0.64569 0.46771 0.48711 -0.35646
1403638554.177829504 4.92398 10.10230 1.21508 0.64855 0.47148 0.48307 -0.35176
1403638554.277829409 4.98385 10.00246 1.22663 0.65444 0.47722 0.47517 -0.34379
1403638554.377829552 5.06406 9.91486 1.24188 0.65755 0.48202 0.47001 -0.33821
1403638554.477829456 5.14115 9.82827 1.25671 0.65880 0.48443 0.46743 -0.33588
1403638554.577829599 5.21559 9.74407 1.26943 0.65950 0.48434 0.46548 -0.33733
1403638554.677829504 5.27188 9.64896 1.27349 0.66174 0.48051 0.46198 -0.34320
1403638554.777829409 5.34694 9.56706 1.29423 0.66221 0.47753 0.46045 -0.34846
1403638554.877829552 5.40384 9.47320 1.30727 0.66237 0.47550 0.46003 -0.35149
1403638554.977829456 5.46540 9.38108 1.32263 0.66306 0.47230 0.46037 -0.35404
1403638555.077829599 5.54501 9.30216 1.34400 0.66611 0.46824 0.46267 -0.35069
1403638555.177829504 5.60851 9.20574 1.34491 0.67220 0.46153 0.46560 -0.34403
1403638555.277829409 5.69129 9.12620 1.35442 0.67831 0.45369 0.46874 -0.33815
1403638555.377829552 5.77321 9.04548 1.35889 0.68145 0.44914 0.47350 -0.33120
1403638555.477829456 5.85603 8.96134 1.35729 0.68349 0.44623 0.47722 -0.32555
1403638555.577829599 5.94030 8.87542 1.35255 0.68476 0.44373 0.47921 -0.32337
1403638555.677829504 6.02287 8.78758 1.35350 0.68645 0.44222 0.47852 -0.32287
1403638555.777829409 6.10316 8.69794 1.36408 0.68761 0.44252 0.47717 -0.32200
1403638555.877829552 6.17658 8.60028 1.37900 0.68759 0.44349 0.47672 -0.32135
1403638555.977829456 6.25720 8.51252 1.40359 0.68629 0.44526 0.47778 -0.32013
1403638556.077829599 6.33358 8.41940 1.42667 0.68637 0.44660 0.47740 -0.31865
1403638556.177829504 6.41433 8.33718 1.45475 0.69073 0.44723 0.47107 -0.31776
1403638556.277829409 6.49261 8.24563 1.46617 0.69394 0.44828 0.46627 -0.31636
1403638556.377829552 6.57455 8.16994 1.48659 0.69608 0.44913 0.46308 -0.31515
1403638556.477829456 6.65701 8.08525 1.49346 0.69911 0.45043 0.45880 -0.31282
1403638556.577829599 6.74224 8.02275 1.51019 0.70212 0.45010 0.45488 -0.31228
1403638556.677829504 6.82648 7.96806 1.52447 0.70475 0.44400 0.45170 -0.31962
1403638556.777829409 6.91863 7.89538 1.54220 0.70150 0.43924 0.45660 -0.32632
1403638556.877829552 7.00510 7.85543 1.56948 0.70021 0.43487 0.45878 -0.33182
1403638556.977829456 7.09881 7.81818 1.60008 0.69893 0.43226 0.46083 -0.33509
1403638557.077829599 7.19728 7.78028 1.62555 0.69759 0.43370 0.46260 -0.33357
1403638557.177829504 7.29838 7.74139 1.64404 0.69613 0.43526 0.46460 -0.33182
1403638557.277829409 7.40248 7.70115 1.65637 0.69516 0.43635 0.46588 -0.33063
1403638557.377829552 7.51075 7.65650 1.66555 0.69400 0.43846 0.46742 -0.32808
1403638557.477829456 7.62494 7.60774 1.67769 0.69099 0.44287 0.47148 -0.32265
1403638557.577829599 7.73896 7.55835 1.69542 0.68862 0.44597 0.47505 -0.31819
1403638557.677829504 7.85268 7.50924 1.71686 0.68749 0.44782 0.47662 -0.31568
1403638557.777829409 7.96356 7.46377 1.74058 0.68725 0.44744 0.47739 -0.31558
1403638557.877829552 8.07289 7.41871 1.75874 0.68727 0.44880 0.47804 -0.31258
1403638557.977829456 8.18239 7.37166 1.76953 0.68852 0.45043 0.47655 -0.30975
1403638558.077829599 8.28922 7.32678 1.77412 0.69232 0.45117 0.47104 -0.30864
1403638558.177829504 8.39542 7.28519 1.77587 0.69818 0.45265 0.46290 -0.30558
1403638558.277829409 8.50273 7.24923 1.78344 0.70235 0.45432 0.45734 -0.30188
1403638558.377829552 8.61119 7.22189 1.80128 0.70375 0.45702 0.45570 -0.29700
1403638558.477829456 8.71972 7.20168 1.82876 0.70747 0.46064 0.45045 -0.29052
1403638558.577829599 8.82846 7.19193 1.86386 0.71007 0.45932 0.44696 -0.29163
1403638558.677829504 8.94030 7.19031 1.90559 0.71081 0.45283 0.44695 -0.29988
1403638558.777829409 9.05362 7.19503 1.94548 0.71053 0.44668 0.44830 -0.30766
1403638558.877829552 9.17467 7.20305 1.97795 0.70922 0.44458 0.45061 -0.31033
1403638558.977829456 9.30103 7.21410 2.00389 0.70436 0.44344 0.45794 -0.31229
1403638559.077829599 9.43120 7.22845 2.02171 0.69983 0.44336 0.46436 -0.31309
1403638559.177829504 9.56198 7.24662 2.03099 0.69638 0.44383 0.46879 -0.31352
1403638559.277829409 9.69301 7.26678 2.03475 0.69352 0.44623 0.47205 -0.31156
1403638559.377829552 9.82063 7.28966 2.03151 0.69123 0.44949 0.47467 -0.30797
1403638559.477829456 9.94138 7.31630 2.02221 0.68894 0.45169 0.47729 -0.30583
1403638559.577829599 10.05801 7.34472 2.00767 0.68681 0.45321 0.47964 -0.30470
1403638559.677829504 10.17122 7.37376 1.99049 0.68580 0.45336 0.48059 -0.30523
1403638559.777829409 10.27981 7.40363 1.97802 0.68500 0.45401 0.48095 -0.30550
1403638559.877829552 10.38596 7.43606 1.97078 0.68582 0.45324 0.47972 -0.30674
1403638559.977829456 10.49064 7.46714 1.96463 0.68936 0.44730 0.48095 -0.30561
1403638560.077829599 10.59518 7.50105 1.95199 0.69724 0.43445 0.48476 -0.30021
1403638560.177829504 10.69993 7.53420 1.93264 0.70693 0.41640 0.49241 -0.29051
1403638560.277829409 10.80425 7.56637 1.90838 0.71769 0.39522 0.50129 -0.27825
1403638560.377829552 10.90680 7.59729 1.88206 0.72546 0.37096 0.51455 -0.26707
1403638560.477829456 11.00516 7.62640 1.85218 0.73344 0.34580 0.52705 -0.25439
1403638560.577829599 11.09806 7.65122 1.81787 0.74262 0.31889 0.53641 -0.24307
1403638560.677829504 11.18648 7.67220 1.77959 0.75309 0.29087 0.54204 -0.23335
1403638560.777829409 11.27122 7.68729 1.74438 0.76183 0.26526 0.54601 -0.22610
1403638560.877829552 11.35333 7.69266 1.71699 0.76824 0.24239 0.55198 -0.21537
1403638560.977829456 11.43300 7.68949 1.69654 0.77245 0.22136 0.55953 -0.20309
1403638561.077829599 11.51083 7.67861 1.68506 0.77493 0.20136 0.56791 -0.19083
1403638561.177829504 11.58228 7.65994 1.67905 0.77623 0.18356 0.57570 -0.17982
1403638561.277829409 11.65026 7.63321 1.68037 0.77644 0.17012 0.58164 -0.17290
1403638561.377829552 11.71160 7.59923 1.68329 0.78100 0.16528 0.57955 -0.16381
1403638561.477829456 11.76955 7.56211 1.68106 0.78688 0.16883 0.57426 -0.15017
1403638561.577829599 11.82546 7.52189 1.67381 0.79035 0.17351 0.57054 -0.14046
1403638561.677829504 11.88049 7.48081 1.66278 0.79203 0.17639 0.56825 -0.13661
1403638561.777829409 11.93058 7.43780 1.64913 0.79218 0.17874 0.56753 -0.13568
1403638561.877829552 11.97396 7.39058 1.62587 0.79152 0.17938 0.56884 -0.13317
1403638561.977829456 12.01532 7.34255 1.59833 0.79242 0.17503 0.57014 -0.12796
1403638562.077829599 12.05924 7.29622 1.57837 0.79419 0.16636 0.57185 -0.12070
1403638562.177829504 12.09989 7.24848 1.56453 0.79600 0.15679 0.57356 -0.11325
1403638562.277829409 12.14270 7.20294 1.55388 0.79700 0.14877 0.57551 -0.10697
1403638562.377829552 12.18652 7.15737 1.54954 0.79789 0.13713 0.57821 -0.10122
1403638562.477829456 12.22531 7.10998 1.54890 0.80020 0.12136 0.57982 -0.09358
1403638562.577829599 12.26290 7.06076 1.55527 0.80250 0.10157 0.58186 -0.08437
1403638562.677829504 12.29696 7.00937 1.56454 0.80531 0.07771 0.58280 -0.07601
1403638562.777829409 12.32946 6.95545 1.57508 0.80693 0.05177 0.58448 -0.06757
1403638562.877829552 12.35698 6.89756 1.58130 0.80818 0.02743 0.58577 -0.05444
